# Created by Octave 6.2.0, Tue Sep 21 10:32:19 2021 GMT <unknown@DezaAndGio>
# name: x
# type: global matrix
# rows: 1
# columns: 20
 0.77687122244663642 0.5572653296455039 0.65639441309858648 0.60439895238077324 0.10984792404443977 0.30681838758814639 0.036420458719028548 0.50750194272285054 0.79819787712259027 0.79896874846157562 0.14326939769923641 0.071101926660729675 0.72613149506352259 0.22624105387667293 0.6248041238023041 0.5483227916626594 0.39699387912590556 0.075454958741316913 0.67595096782693853 0.074297051769727118


# name: y
# type: global matrix
# rows: 1
# columns: 20
 0.27943919986108079 0.11661366329340583 0.39053913424199571 0.66616903964750607 0.6985758378186272 0.20730006383213373 0.5024721283845478 0.073938685056537334 0.67991802460956252 0.39749277989717913 0.14151256215331487 0.12773617026441342 0.37197289724774407 0.69033435138929333 0.9189034809361033 0.52333815217506263 0.42525694545543524 0.37166915101708831 0.99033329254439939 0.15694231625653665


